0.2693
0.5384
0.3808
0.2347
0.4297
0.9720
0.0938
0.1833
0.4460
0.1838
0.7497
0.2581
0.7591
0.9337
0.9916
0.5269
0.7690
0.8420
0.5644
0.5161
0.7825
0.1213
0.4874
0.4533
0.1951
0.6312
0.6242
0.4040
0.6716
0.5848
0.7905
0.5047
0.8418
0.9845
0.2906
0.2459
0.7757
0.6158
0.5242
0.5083
0.2554
0.1758
0.0513
0.8044
0.6081
0.8670
0.2598
0.9303
0.6160
0.5320
0.5224
0.9783
0.7699
0.1588
0.4869
0.4168
0.8800
0.3342
0.8878
0.6869
0.8115
0.9735
0.0218
0.5222
0.8600
0.4050
0.7763
0.9425
0.0312
0.6367
0.8530
0.6255
0.2428
0.3841
0.5758
0.1101
0.2116
0.1867
0.4245
0.0333
0.5440
0.6912
0.1852
0.3548
0.2934
0.9308
0.3566
0.2715
0.0011
0.1763
0.2045
0.2763
0.9869
0.6899
0.6039
0.5630
0.4031
0.4577
0.5607
0.7314
0.3205
0.7299
0.0512
0.4946
0.8584
0.9472
0.5732
0.8437
0.1275
0.3807
0.5466
0.8699
0.4995
0.5634
0.4554
0.2008
0.4693
0.3431
0.3721
0.7504
0.1261
0.1317
0.2539
0.2391
0.9975
0.6827
0.1522
0.6843
0.7848
0.4721
0.2258
0.8163
0.2520
0.5120
0.1990
0.1222
0.2869
0.1752
0.6532
0.9706
0.8978
0.3588
0.2959
0.0207
0.6631
0.0643
0.0947
0.8685
0.8984
0.2234
0.9183
0.6336
0.5567
0.3465
0.0753
0.9394
0.6278
0.3228
0.8912
0.4902
0.5530
0.4500
0.2133
0.1978
0.9187
0.5218
0.4858
0.5614
0.4474
0.5501
0.7845
0.7531
0.0490
0.4526
0.9520
0.6132
0.4502
0.7814
0.7244
0.5070
0.6658
0.3215
0.4894
0.7477
0.3292
0.1387
0.0674
0.0378
0.6465
0.4026
0.6553
0.1317
0.4900
0.0648
0.8241
0.6735
0.8978
0.2198
0.2108
0.9126
0.9933
0.7258
0.2955
0.7506
0.0920
0.4158
0.4036
0.3219
0.5101
0.9740
0.8250
0.0621
0.3408
0.3088
0.6890
0.9665
0.2143
0.9982
0.9879
0.4921
0.8065
0.1367
0.8878
0.3067
0.6126
0.6619
0.2183
0.8376
0.2510
0.9885
0.7821
0.3228
0.3125
0.5283
0.8737
0.8190
0.5221
0.4237
0.1489
0.3682
0.7269
0.5735
0.7365
0.2768
0.9774
0.7788
0.2302
0.2104
0.7169
0.5867
0.9542
0.5566
0.8453
0.1614
0.6415
0.2600
0.1719
0.2584
0.4157
0.0815
0.5243
0.1322
0.7176
0.9861
0.5272
0.9551
0.5661
0.1113
0.8189
0.0736
0.2955
0.5201
0.2188
0.1830
0.6583
0.6906
0.1137
0.2466
0.9354
0.4469
0.0765
0.7379
0.4431
0.7829
0.4847
0.5350
0.5788
0.7831
0.6534
0.5434
0.2953
0.5931
0.7480
0.8771
0.6442
0.1432
0.4938
0.1758
0.7791
0.0774
0.4462
0.3846
0.5602
0.0928
0.3385
0.0775
0.6491
0.6402
0.7723
0.1494
0.7363
0.6903
0.2667
0.4573
0.2905
0.0192
0.4309
0.7376
0.9712
0.2146
0.7768
0.8779
0.5956
0.3576
0.4370
0.3713
0.2984
0.0818
0.8035
0.5318
0.2785
0.4639
0.8526
0.7979
0.2693
0.9482
0.6730
0.2040
0.6269
0.2588
0.4602
0.8462
0.6741
0.0017
0.9958
0.9221
0.6918
0.4106
0.3744
0.6711
0.6998
0.4399
0.4964
0.2947
0.9141
0.1568
0.5904
0.6848
0.5261
0.1367
0.7813
0.5365
0.1893
0.3144
0.4707
0.1763
0.3586
0.4951
0.0437
0.1811
0.3693
0.4769
0.1688
0.6179
0.8992
0.4891
0.7062
0.4817
0.2020
0.3991
0.9902
0.6593
0.2548
0.8912
0.0009
0.4986
0.7083
0.5694
0.6917
0.8093
0.2824
0.6891
0.4872
0.8750
0.9961
0.9694
0.7177
0.8046
0.3730
0.6893
0.5064
0.2996
0.5131
0.0216
0.3736
0.6673
0.6716
0.3074
0.5748
0.6571
0.7352
0.7237
0.9375
0.4481
0.7360
0.5475
0.7132
0.8661
0.2944
0.9709
0.7089
0.6585
0.6320
0.1676
0.7151
0.4044
0.5428
0.0662
0.9951
0.3896
0.4670
0.0332
0.3513
0.5220
0.5544
0.4170
0.0349
0.1190
0.3605
0.6585
0.5128
0.1415
0.5649
0.4200
0.8600
0.2050
0.8525
0.9351
0.2906
0.4457
0.8486
0.5340
0.0941
0.0680
0.7487
0.0472
0.9934
0.1536
0.0326
0.5390
0.6886
0.0596
0.4044
0.5763
0.1029
0.4827
0.8489
0.9839
0.5970
0.0195
0.4446
0.7910
0.1659
0.7995
0.3241
0.8208
0.3859
0.5196
0.9228
0.1266
0.6249
0.9578
0.4060
0.2280
0.7841
0.7953
0.9159
0.8502
0.5851
0.3235
0.0280
0.6190
0.1686
0.3652
0.5583
0.9149
0.5201
0.4879
0.6116
0.8402
0.9888
0.3372
0.5119
0.0004
0.9142
0.6681
0.0051
0.5556
0.1274
0.4030
0.8747
0.7418
0.8421
0.7945
0.8613
0.8190
0.1998
0.5197
0.5263
0.1454
0.4872
0.2866
0.4512
0.8339
0.7897
0.2786
0.9113
0.1922
0.5963
0.5158
0.9167
0.9005
0.6235
0.9623
0.2597
0.6292
0.8719
0.9557
0.9596
0.5507
0.6815
0.2887
0.2455
0.9475
0.3028
0.0199
0.9685
0.8703
0.2466
0.8423
0.0820
0.5487
0.4314
0.5876
0.5835
0.0087
0.8908
0.1940
0.0553
0.0983
0.5590
0.2165
0.6981
0.8764
0.3987
0.7070
0.4949
0.0665
0.8878
0.0429
0.8986
0.0294
0.6293
0.0316
0.1818
0.4570
0.6017
0.3700
0.3410
0.7417
0.3144
0.2863
0.1944
0.7229
0.8836
0.9429
0.0656
0.2651
0.7953
0.9274
0.1916
0.8701
0.8702
0.9117
0.7487
0.2763
0.6963
0.3053
0.1335
0.7487
0.5451
0.4821
0.8925
0.5119
0.5363
0.9088
0.4396
0.5308
0.5682
0.2526
0.4516
0.5902
0.2773
0.2966
0.5844
0.3775
0.0441
0.2407
0.8976
0.0217
0.8110
0.7168
0.1309
0.2915
0.2265
0.5954
0.7211
0.4056
0.3828
0.4130
0.2011
0.1586
0.1612
0.9974
0.3713
0.8151
0.9525
0.6190
0.3842
0.9761
0.2658
0.7475
0.6325
0.3695
0.4937
0.2400
0.0821
0.2690
0.8476
0.5414
0.4391
0.9938
0.2300
0.2219
0.2932
0.6930
0.5586
0.9331
0.1272
0.3663
0.8087
0.6080
0.8326
0.8262
0.7881
0.4851
0.1240
0.0530
0.4121
0.2832
0.9903
0.1471
0.9925
0.6061
0.0752
0.8302
0.8066
0.4052
0.6271
0.2007
0.9632
0.0768
0.4089
0.1939
0.3287
0.5244
0.7080
0.9523
0.0317
0.2624
0.3380
0.0576
0.8092
0.3899
0.2722
0.3283
0.2120
0.0131
0.2992
0.6364
0.4339
0.4437
0.8421
0.9446
0.2805
0.2521
0.8306
0.5198
0.5433
0.0028
0.2685
0.0229
0.7943
0.2511
0.8853
0.9312
0.3681
0.1279
0.0139
0.4939
0.0453
0.5926
0.5842
0.1753
0.7037
0.1801
0.8735
0.2886
0.9535
0.8212
0.4049
0.2728
0.5209
0.0652
0.1330
0.8167
0.8968
0.7807
0.8089
0.7826
0.5153
0.1653
0.1644
0.6326
0.4787
0.6398
0.3059
0.8117
0.5933
0.9577
0.4593
0.2889
0.2332
0.6051
0.9558
0.2123
0.2960
0.3221
0.0997
0.3775
0.2676
0.3213
0.3084
0.9668
0.1605
0.5340
0.6659
0.7581
0.8423
0.9592
0.7799
0.7599
0.0188
0.9469
0.5826
0.9739
0.8886
0.9909
0.4676
0.7383
0.2341
0.3612
0.9016
0.8557
0.4639
0.6530
0.4021
0.4582
0.8745
0.0811
0.5230
0.3126
0.1437
0.0969
0.2363
0.0198
0.8246
0.6582
0.8531
0.3103
0.3525
0.2265
0.3725
0.3898
0.8341
0.3238
0.9002
0.0375
0.6307
0.2237
0.5270
0.9110
0.5042
0.1075
0.8078
0.2593
0.8399
0.7614
0.7319
0.9996
0.2115
0.6442
0.8252
0.8580
0.3057
0.9036
0.7747
0.0300
0.9692
0.6680
0.7161
0.5619
0.8973
0.6938
0.0751
0.4072
0.2260
0.1941
0.6036
0.8612
0.0458
0.4298
0.9996
0.8263
0.6022
0.3876
0.2541
0.1116
0.6983
0.6270
0.6132
0.7198
0.5642
0.1205
0.7975
0.8249
0.2115
0.6687
0.8691
0.8927
0.0350
0.2155
0.8859
0.1483
0.1809
0.1437
0.2356
0.3441
0.9436
0.3779
0.2886
0.5296
0.2092
0.8724
0.7606
0.2780
0.7108
0.8146
0.9262
0.5714
0.6105
0.6187
0.5734
0.2993
0.6739
0.5408
0.3404
0.0714
0.0537
0.4914
0.8242
0.7997
0.4469
0.3743
0.6028
0.2517
0.1419
0.0311
0.0611
0.5292
0.2204
0.6168
0.6606
0.1742
0.9306
0.9867
0.0446
0.3563
0.9971
0.4230
0.1192
0.3444
0.3823
0.7772
0.9995
0.2151
0.7662
0.8580
0.4637
0.5024
0.7592
0.6428
0.3042
0.2400
0.6142
0.6403
0.7167
0.6013
0.9533
0.4826
0.6181
0.0881
0.7744
0.5745
0.5339
0.9733
0.7542
0.3798
0.4454
0.4488
0.6126
0.6697
0.7375
0.6832
0.0538
0.8149
0.1376
0.7414
0.5512
0.9466
0.2868
0.0696
0.9892
0.5660
0.3328
0.9994
0.9306
0.9311
0.6866
0.4730
0.0224
0.2965
0.8325
0.9432
0.8078
0.8368
0.8326
0.1520
0.9583
0.8306
0.9162
0.2395
0.6931
0.4332
0.2948
0.3873
0.8997
0.1164
0.0934
0.9490
0.2234
0.6031
0.0382
0.7717
0.1394
0.8759
0.2928
0.1605
0.7740
0.5861
0.5810
0.6897
0.9909
0.9432
0.4896
0.8139
0.0073
0.9109
0.5900
0.9826